-0.158986 0.423977 1
-0.347926 0.470760 1
-0.504608 0.353801 1
-0.596774 0.114035 1
-0.518433 -0.172515 1
-0.292627 -0.207602 1
-0.158986 -0.043860 1
-0.057604 0.143275 1
-0.071429 0.271930 1
-0.297235 0.347953 1
-0.417051 0.201754 1
-0.440092 0.008772 1
-0.324885 -0.032164 1
-0.246544 0.055556 1
-0.218894 0.201754 1
-0.343318 0.160819 1
-0.509217 0.078947 1
-0.384793 -0.090643 1
-0.149770 0.125731 1
-0.195853 0.324561 1
-0.039170 -0.219298 -1
-0.108295 -0.301170 -1
-0.186636 -0.330409 -1
-0.218894 -0.423977 -1
-0.080645 -0.564327 -1
0.066820 -0.517544 -1
0.094470 -0.324561 -1
0.186636 -0.166667 -1
0.062212 -0.073099 -1
0.020737 -0.195906 -1
0.029954 -0.342105 -1
-0.099078 -0.377193 -1
-0.006912 -0.464912 -1
0.131336 -0.429825 -1
0.232719 -0.195906 -1
0.085253 -0.084795 -1
-0.131336 -0.236842 1
0.002304 -0.125731 1
0.122120 -0.002924 1
-0.347926 -0.312865 -1
-0.228111 -0.125731 -1
-0.076037 0.014620 -1
0.043779 0.020468 -1
0.011521 0.154971 -1
-0.417051 -0.160819 -1
-0.315668 -0.318713 -1
0.126728 -0.219298 -1
0.205069 -0.312865 -1
0.218894 -0.459064 -1
0.071429 -0.646199 -1
-0.131336 -0.605263 -1
-0.209677 -0.581871 -1
-0.228111 -0.429825 -1
-0.145161 -0.412281 -1
-0.066820 -0.482456 -1
0.135945 -0.511696 -1
0.269585 -0.406433 -1
0.297235 -0.295322 -1
0.274194 -0.172515 -1
0.255760 -0.049708 -1
0.223502 -0.049708 -1
0.182028 -0.084795 -1
0.158986 -0.154971 -1
0.071429 -0.213450 -1
0.016129 -0.266082 -1
-0.025346 -0.383041 -1
-0.011521 -0.482456 -1
-0.002304 -0.505848 -1
0.025346 -0.511696 -1
0.025346 -0.558480 -1
0.011521 -0.657895 -1
-0.048387 -0.646199 -1
-0.085253 -0.552632 -1
-0.099078 -0.500000 -1
-0.016129 -0.423977 -1
0.131336 -0.359649 -1
0.223502 -0.371345 -1
0.292627 -0.301170 -1
0.260369 -0.207602 -1
0.200461 -0.225146 -1
0.172811 -0.271930 -1
-0.131336 0.090643 1
-0.149770 0.073099 1
-0.241935 0.061403 1
-0.301843 0.178363 1
-0.297235 0.195906 1
-0.274194 0.307018 1
-0.324885 0.295322 1
-0.398618 0.266082 1
-0.435484 0.160819 1
-0.472350 0.078947 1
-0.338710 0.043860 1
-0.269585 0.043860 1
-0.255760 0.102339 1
-0.168203 0.266082 1
-0.112903 0.301170 1
-0.039170 0.347953 1
-0.126728 0.441520 1
-0.232719 0.441520 1
-0.338710 0.418129 1
-0.412442 0.353801 1
-0.509217 0.219298 1
-0.541475 0.014620 1
-0.504608 -0.125731 1
-0.490783 -0.143275 1
-0.361751 -0.137427 1
-0.269585 -0.084795 1
-0.223502 -0.078947 1
-0.186636 -0.038012 1
-0.154378 -0.008772 1
-0.112903 0.055556 1
-0.085253 0.137427 1
-0.085253 0.277778 1
-0.168203 0.301170 1
-0.191244 0.195906 1
-0.140553 -0.049708 1
-0.029954 0.067252 1
-0.200461 -0.230994 -1
-0.108295 -0.084795 -1
0.034562 0.067252 -1
0.080645 0.119883 -1
-0.385369 0.033041 1
-0.381221 0.131287 1
-0.352189 0.258187 1
-0.354263 0.364620 1
-0.414401 -0.069298 1
-0.499424 -0.032456 1
-0.298272 -0.097953 1
-0.316935 -0.183918 1
-0.368779 -0.290351 1
-0.356336 -0.396784 1
-0.271313 0.004386 1
-0.177995 0.086257 1
-0.246429 0.143567 1
-0.250576 0.229532 1
-0.221544 0.376901 1
-0.215323 0.295029 1
-0.130300 0.217251 1
-0.207028 0.028947 1
-0.097120 0.213158 1
-0.039055 0.258187 1
0.019009 0.401462 1
-0.036982 0.421930 1
-0.063940 0.331871 1
-0.130300 0.376901 1
-0.375000 -0.437719 1
-0.395737 -0.351754 1
-0.354263 -0.208480 1
-0.437212 -0.376316 1
-0.480760 -0.503216 1
-0.410253 -0.466374 1
-0.248502 -0.257602 -1
-0.227765 -0.314912 -1
-0.283756 -0.384503 -1
-0.292051 -0.454094 -1
-0.337673 -0.519591 -1
-0.277535 -0.548246 -1
-0.207028 -0.535965 -1
-0.186290 -0.478655 -1
-0.132373 -0.507310 -1
-0.177995 -0.298538 -1
-0.165553 -0.175731 -1
-0.161406 -0.126608 -1
0.000346 0.258187 -1
0.079147 0.356433 -1
-0.026613 0.180409 -1
-0.053571 0.078070 -1
-0.014171 -0.052924 -1
-0.070161 -0.163450 -1
-0.063940 -0.294444 -1
-0.030760 -0.466374 -1
-0.057719 -0.527778 -1
-0.053571 -0.396784 -1
0.052189 -0.417251 -1
-0.016244 -0.167544 -1
-0.063940 -0.085672 -1
-0.061866 -0.016082 -1
-0.003802 0.004386 -1
0.041820 0.204971 -1
0.079147 0.192690 -1
0.045968 0.254094 -1
0.118548 0.192690 -1
0.110253 0.086257 -1
0.108180 -0.069298 -1
0.166244 -0.024269 -1
0.141359 0.065790 -1
0.143433 0.168129 -1
0.170392 0.192690 -1
0.108180 0.299123 -1
0.118548 0.319591 -1
0.126843 0.393275 -1
-0.086751 0.421930 1
-0.047350 0.507895 1
0.025230 0.520175 1
0.062558 0.552924 1
-0.005876 0.442398 1
-0.051498 0.573392 1
-0.080530 0.507895 1
-0.153111 0.552924 1
-0.111636 0.548830 1
-0.163479 0.491520 1
-0.252650 -0.188012 1
-0.246429 -0.036550 1
-0.321083 -0.433626 1
-0.331452 -0.605556 -1
-0.385369 -0.515497 1
-0.399885 -0.621930 1
-0.124078 -0.126608 1
-0.316935 -0.228947 1
-0.294124 -0.134795 -1
-0.153111 0.184503 -1
