1 6 1 5 33
1 8 0 22 98
1 8 0 23 98
1 8 0 0 98
1 9 0 19 80
1 9 0 22 80
1 9 0 1 80
1 9 0 4 80
1 9 1 5 26
1 10 1 21 2
1 10 1 22 2
2 1 1 2 28
2 1 1 10 28
2 5 0 11 53
2 5 0 15 53
2 5 0 19 53
2 5 0 23 53
2 5 0 3 53
2 9 0 0 25
2 9 0 3 25
2 9 0 6 25
2 9 0 9 25
2 9 0 12 25
2 10 0 15 79
2 10 0 19 79
3 6 1 21 21
3 6 1 23 21
3 7 0 20 51
3 8 1 21 25
3 8 1 23 25
3 9 0 23 55
3 9 0 3 55
3 9 0 7 55
3 9 0 11 55
3 9 0 15 55
3 9 1 13 18
3 9 1 16 18
3 9 1 19 18
4 9 0 13 64
4 9 0 15 64
4 9 0 17 64
5 1 0 0 91
5 1 0 3 91
6 4 0 1 103
6 4 0 4 103
6 5 0 22 89
6 5 0 23 89
6 5 0 0 89
6 5 0 1 89
7 1 0 15 70
7 1 0 18 70
7 2 1 17 13
7 2 1 18 13
7 3 2 22 7
7 3 2 1 7
7 5 0 20 23
7 5 0 23 23
7 6 0 3 73
7 6 0 5 73
7 6 1 0 24
7 10 1 7 22
8 1 0 12 98
8 4 0 11 76
8 4 0 12 76
8 5 0 0 13
8 5 0 2 13
8 5 0 4 13
8 6 2 16 11
8 6 2 20 11
8 9 0 2 24
8 9 0 6 24
8 10 1 1 31
9 1 0 3 80
9 1 0 4 80
9 1 0 5 80
9 1 0 6 80
9 1 0 7 80
9 3 1 13 18
9 3 1 21 18
9 5 1 14 9
9 7 0 12 15
9 7 0 15 15
9 7 0 18 15
9 7 1 2 5
10 2 0 1 79
10 2 0 2 79
10 2 0 3 79
10 3 0 15 27
10 3 0 16 27
10 4 0 14 34
10 5 0 10 89
10 6 1 4 30
10 6 1 7 30
10 6 1 10 30
10 9 1 17 25
10 9 1 18 25
10 9 1 19 25
